9.522264137659754990e-01 3.761263171159654473e-01 3.721898598699124872e-01 3.750409892945201218e-01
1.892282909687363623e-01 3.877408802509307861e-03 0.000000000000000000e+00 7.857921062464001682e-01
0.000000000000000000e+00 6.609578067078309971e-01 4.342637464265523828e-02 0.000000000000000000e+00
7.044762734404250160e-02 0.000000000000000000e+00 0.000000000000000000e+00 7.019113549697560961e-01
9.618210686889383521e-01 2.797415294467611169e-01 2.731094869175342832e-01 3.063747470784979332e-01
0.000000000000000000e+00 0.000000000000000000e+00 0.000000000000000000e+00 0.000000000000000000e+00
7.657341705684750886e-03 4.978400134302639335e-03 7.793248718940786191e-01 0.000000000000000000e+00
0.000000000000000000e+00 0.000000000000000000e+00 0.000000000000000000e+00 0.000000000000000000e+00
1.695350620330849378e-01 9.790875635837040236e-02 1.049626010815373212e-01 9.776086093348770323e-01
1.681721089149728621e-01 9.769254253454808801e-01 1.467305275067614656e-01 1.757726119961682820e-01
9.852881592014487433e-01 7.098064749869803514e-02 4.381016041327742694e-02 5.540436087508855689e-02
0.000000000000000000e+00 0.000000000000000000e+00 0.000000000000000000e+00 0.000000000000000000e+00
0.000000000000000000e+00 0.000000000000000000e+00 0.000000000000000000e+00 0.000000000000000000e+00
2.733638524267031356e-01 3.034007789004016242e-01 9.895349196759092303e-01 3.607560128414411538e-01
5.071534459162247988e-01 9.956053804808820962e-01 4.959473964472075891e-01 5.608025972044469176e-01
0.000000000000000000e+00 0.000000000000000000e+00 0.000000000000000000e+00 0.000000000000000000e+00
